a = [86 30 100 100; 84 29 100 100; 83 28 100 100; 79 26 100 100; 76 26 100 100; 76 28 100 100; 66 28 100 100; 60 25 100 100; 53 23 100 100; 44 20 100 100; 34 20 100 100];
b = [29; 30; 29; 28; 26; 26; 28; 28; 25; 23; 20];
x = a\b